# 3 17 17
-1.2113833442944 -1.15308851834533 -1.2429699469014 42.8701788892502 0 0 0 0 0 0 0 0 0 0 0 0 0
-1.23386570956757 -1.23295991568809 -1.12976026865299 -0.376904696286302 0.109424078410883 0 0 0 0 0 0 0 0 0 0 0 0
-1.26232310250556 -1.26806907766463 -1.27635985587062 -1.13610229199512 -0.634088348128495 35.1513488092826 0 0 0 0 0 0 0 0 0 0 0
-1.30824058694418 -1.30287261484491 -1.30809558166592 -1.31599353927922 -1.26673207769458 -1.112635247856 -0.269048074383396 24.5928045647772 0 0 0 0 0 0 0 0 0
-1.34251919710453 -1.34627393653072 -1.34089736045347 -1.34197727316778 -1.35280953967718 -1.35014458231805 -1.31470507407354 -1.24175337082348 -0.936459531433767 5.63615491380299 0.0045541187207665 0 0 0 0 0 0
-1.37786106966491 -1.37626984557825 -1.37870582109472 -1.37911124037008 -1.37319391563613 -1.37897654290199 -1.38504899407018 -1.38676622447047 -1.37958184297805 -1.34008532066319 -1.28010266411807 -1.01371696017098 3.1903726390384 0.118614087494996 0 0 0
-1.40837720334583 -1.40897948665633 -1.40840344675031 -1.40874914885151 -1.41172722105469 -1.40976882717068 -1.40783860702992 -1.40860363149058 -1.41341198821826 -1.41842920819595 -1.42059350205108 -1.41823534543031 -1.40662640013423 -1.35224054382791 -0.731957983662293 1.3503871912244 3.54427993221222
-1.43639212449467 -1.43610674227993 -1.43624992551638 -1.43671498397073 -1.43571851641398 -1.43690928159237 -1.43857835523047 -1.43851472342511 -1.43726484275351 -1.43604436468225 -1.43622978112639 -1.43959440676254 -1.44098635538084 -1.45618350678405 -1.5000842937792 -1.49584127854642 -1.36682459970364
-1.45499774111382 -1.45501124625537 -1.45488786119817 -1.45629590674488 -1.4580960923209 -1.45835978222602 -1.45834756328323 -1.45992286056623 -1.46202583766245 -1.46416322835246 -1.46516292866044 -1.46477804608977 -1.46490439450611 -1.45255441104309 -1.43693566423501 -1.44462979196212 -1.50897482622425
-1.43636451930646 -1.43619642844298 -1.4361830950935 -1.43672602039963 -1.43564318774124 -1.43688494435083 -1.43869590657268 -1.43856338749145 -1.43727997327922 -1.43612494551705 -1.43654697854546 -1.43939099176145 -1.44088687392051 -1.45599783479782 -1.49977820753665 -1.49581067625637 -1.36679530049784
-1.40850236070856 -1.40865333889374 -1.40863260339003 -1.40872068546083 -1.41200955812759 -1.40985862805349 -1.40718690544383 -1.4083426668459 -1.41337517461099 -1.41818852567989 -1.41957863727974 -1.41805794997908 -1.40630141342225 -1.35184303026689 -0.742056223420846 1.31386167377812 3.68771282790782
-1.3775589816152 -1.37713558804745 -1.37806265935743 -1.37904807013285 -1.3723766946681 -1.37840181252379 -1.38645672710727 -1.38747393575861 -1.3797039695689 -1.33945867472171 -1.28998967378367 -1.02763846019446 3.05684743015667 0.0764955333670621 0 0 0
-1.34321817449906 -1.3445315373618 -1.3420349186516 -1.34207146715369 -1.35386044909575 -1.35311392669409 -1.30914292350863 -1.22592469786904 -0.922978276863873 6.50833966058075 0.00458463949973572 0 0 0 0 0 0
-1.30694097149361 -1.30645268876586 -1.30580845879282 -1.31577904506008 -1.26534919080308 -1.06739152282291 0.0060152418882572 31.2662836434315 0 0 0 0 0 0 0 0 0
-1.26500575255263 -1.26219365734853 -1.27227029719176 -1.16616650012039 -0.464371046317315 47.9035042319142 0 0 0 0 0 0 0 0 0 0 0
-1.23166711716814 -1.22782758066154 -1.22615016579441 -0.501044566576471 0.0498809661868303 0 0 0 0 0 0 0 0 0 0 0 0
-1.21763107198709 -1.17646826605158 0.106821752624291 0.0022106878016112 0 0 0 0 0 0 0 0 0 0 0 0 0
