3.1660141373e+01 -1.4954029406e+00 -2.7524551043e-01 -6.8233099876e-01
8.6283586606e+00 1.3540097829e+00 -2.7948730516e-01 -6.9107940290e-01
-1.7830817286e+01 2.1305620624e+00 -1.7495014980e-01 -6.9801244757e-01
-6.5891621730e+02 5.2578850663e-01 -9.5259632730e-02 -7.0182487827e-01
1.7601575644e+03 -5.8776671050e+01 -1.8427861090e+00 -7.2200019547e-01
4.0859928235e+03 9.9637509742e+01 -6.1696094827e-01 -7.8265852844e-01
-5.7563041444e+03 2.2221729445e+02 2.6015870936e+00 -7.7477839413e-01
1.5179924317e+03 -1.2316095421e+02 4.5827138983e+00 -6.7991016763e-01
-3.9939665038e+02 1.3458364641e+01 1.2916362111e+00 -6.1228781382e-01
4.4157993738e+02 -2.2487333894e+01 1.0207671335e+00 -5.7220990887e-01
-6.6128737572e+03 1.7254860471e+01 8.6379293083e-01 -5.4990283706e-01
5.8693657265e+04 -2.6048583733e+02 -2.5414407452e+00 -5.5257350897e-01
-3.0729968234e+04 4.4383804985e+02 -1.8080318952e+00 -5.6315065128e-01
-3.1617667017e+03 7.5078431043e+01 2.6763402841e-01 -5.6524808803e-01
8.6520674100e+01 -8.0396979724e-01 8.6182971838e-01 -5.5992082077e-01
-1.5244560022e+02 6.9828908717e+00 1.0471973506e+00 -5.3245344383e-01
1.1194140164e+02 -6.7372131477e+00 1.0545676823e+00 -4.9886895274e-01
-5.0371685825e+00 3.3375129999e+00 9.5257667790e-01 -4.7027299625e-01
-8.6666790396e+01 2.8841678275e+00 1.1392271027e+00 -4.3882793777e-01
-1.6903321308e+05 -4.9158433082e+00 1.0782768383e+00 -4.0439537698e-01
1.1600463796e+05 -1.0191151218e+03 -9.6978509193e-01 -4.0361075238e-01
-2.1231217255e+04 3.7294053369e+02 -3.5544834444e+00 -4.1637143787e-01
-2.3091080416e+03 1.1816592664e+02 -1.5900576031e+00 -4.2598112101e-01
6.7255386494e+02 -2.0380555857e+01 3.6564981255e-01 -4.2898876675e-01
