5.0912035300e-03	-1.5000000000e+00
5.2534948030e-03	-1.4950000000e+00
5.4456184960e-03	-1.4900000000e+00
5.6203078470e-03	-1.4850000000e+00
5.8043344590e-03	-1.4800000000e+00
5.9584270950e-03	-1.4750000000e+00
6.1664400540e-03	-1.4700000000e+00
6.4098724150e-03	-1.4650000000e+00
6.5837946180e-03	-1.4600000000e+00
6.7668160660e-03	-1.4550000000e+00
6.9986459040e-03	-1.4500000000e+00
7.2197971510e-03	-1.4450000000e+00
7.4744464360e-03	-1.4400000000e+00
7.7426489650e-03	-1.4350000000e+00
7.8997613990e-03	-1.4300000000e+00
8.2218755350e-03	-1.4250000000e+00
8.5155320340e-03	-1.4200000000e+00
8.7851693270e-03	-1.4150000000e+00
9.0897165930e-03	-1.4100000000e+00
9.3050778260e-03	-1.4050000000e+00
9.5695555690e-03	-1.4000000000e+00
9.9025769170e-03	-1.3950000000e+00
1.0216023335e-02	-1.3900000000e+00
1.0543217402e-02	-1.3850000000e+00
1.1024479340e-02	-1.3800000000e+00
1.1192132525e-02	-1.3750000000e+00
1.1588471128e-02	-1.3700000000e+00
1.1968661236e-02	-1.3650000000e+00
1.2387183906e-02	-1.3600000000e+00
1.2794816784e-02	-1.3550000000e+00
1.3180884920e-02	-1.3500000000e+00
1.3589155242e-02	-1.3450000000e+00
1.4033347692e-02	-1.3400000000e+00
1.4465277199e-02	-1.3350000000e+00
1.5005125703e-02	-1.3300000000e+00
1.5526391030e-02	-1.3250000000e+00
1.5975882981e-02	-1.3200000000e+00
1.6462159521e-02	-1.3150000000e+00
1.7013556093e-02	-1.3100000000e+00
1.7517380645e-02	-1.3050000000e+00
1.8101932911e-02	-1.3000000000e+00
1.8660318651e-02	-1.2950000000e+00
1.9273481565e-02	-1.2900000000e+00
1.9786644529e-02	-1.2850000000e+00
2.0423559889e-02	-1.2800000000e+00
2.1051848610e-02	-1.2750000000e+00
2.1779822849e-02	-1.2700000000e+00
2.2467988574e-02	-1.2650000000e+00
2.3302990099e-02	-1.2600000000e+00
2.3931087451e-02	-1.2550000000e+00
2.4632922853e-02	-1.2500000000e+00
2.5331998509e-02	-1.2450000000e+00
2.6049263102e-02	-1.2400000000e+00
2.7004411295e-02	-1.2350000000e+00
2.7876483774e-02	-1.2300000000e+00
2.8664250251e-02	-1.2250000000e+00
2.9643100642e-02	-1.2200000000e+00
3.0531304839e-02	-1.2150000000e+00
3.1362513661e-02	-1.2100000000e+00
3.2301312935e-02	-1.2050000000e+00
3.3447147958e-02	-1.2000000000e+00
3.4305129996e-02	-1.1950000000e+00
3.5390886994e-02	-1.1900000000e+00
3.6458912471e-02	-1.1850000000e+00
3.7536303728e-02	-1.1800000000e+00
3.8685897659e-02	-1.1750000000e+00
3.9890610020e-02	-1.1700000000e+00
4.1146057609e-02	-1.1650000000e+00
4.2152068422e-02	-1.1600000000e+00
4.3494079700e-02	-1.1550000000e+00
4.4889074676e-02	-1.1500000000e+00
4.6119841948e-02	-1.1450000000e+00
4.7492626393e-02	-1.1400000000e+00
4.8734839960e-02	-1.1350000000e+00
5.0216330124e-02	-1.1300000000e+00
5.1577627759e-02	-1.1250000000e+00
5.3021022882e-02	-1.1200000000e+00
5.4554634723e-02	-1.1150000000e+00
5.6162778241e-02	-1.1100000000e+00
5.7657137085e-02	-1.1050000000e+00
5.9272886892e-02	-1.1000000000e+00
6.2628705324e-02	-1.0900000000e+00
6.4469965871e-02	-1.0850000000e+00
6.5912029513e-02	-1.0800000000e+00
6.7800815931e-02	-1.0750000000e+00
6.9615328073e-02	-1.0700000000e+00
7.1487962500e-02	-1.0650000000e+00
7.3386691580e-02	-1.0600000000e+00
7.5216216263e-02	-1.0550000000e+00
7.7161965803e-02	-1.0500000000e+00
7.9014834727e-02	-1.0450000000e+00
8.1003108606e-02	-1.0400000000e+00
8.3162653742e-02	-1.0350000000e+00
8.5110180902e-02	-1.0300000000e+00
8.7495528955e-02	-1.0250000000e+00
8.9340739352e-02	-1.0200000000e+00
9.1626108935e-02	-1.0150000000e+00
9.3720840511e-02	-1.0100000000e+00
9.6027465082e-02	-1.0050000000e+00
9.8135530830e-02	-1.0000000000e+00
1.0052156422e-01	-9.9500000000e-01
1.0261598093e-01	-9.9000000000e-01
1.0495684067e-01	-9.8500000000e-01
1.0748599644e-01	-9.8000000000e-01
1.0968775611e-01	-9.7500000000e-01
1.1205275277e-01	-9.7000000000e-01
1.1455779484e-01	-9.6500000000e-01
1.1682202006e-01	-9.6000000000e-01
1.1928170981e-01	-9.5500000000e-01
1.2175685704e-01	-9.5000000000e-01
1.2426876974e-01	-9.4500000000e-01
1.2677582962e-01	-9.4000000000e-01
1.2912505560e-01	-9.3500000000e-01
1.3144047520e-01	-9.3000000000e-01
1.3408027277e-01	-9.2500000000e-01
1.3658955633e-01	-9.2000000000e-01
1.3894885218e-01	-9.1500000000e-01
1.4157650783e-01	-9.1000000000e-01
1.4419315435e-01	-9.0500000000e-01
1.4649061571e-01	-9.0000000000e-01
1.4912714784e-01	-8.9500000000e-01
1.5170677430e-01	-8.9000000000e-01
1.5419766012e-01	-8.8500000000e-01
1.5662568662e-01	-8.8000000000e-01
1.5931384467e-01	-8.7500000000e-01
1.6168644344e-01	-8.7000000000e-01
1.6435959589e-01	-8.6500000000e-01
1.6698506584e-01	-8.6000000000e-01
1.6951843574e-01	-8.5500000000e-01
1.7182182495e-01	-8.5000000000e-01
1.7441238203e-01	-8.4500000000e-01
1.7706343293e-01	-8.4000000000e-01
1.7953699941e-01	-8.3500000000e-01
1.8197970637e-01	-8.3000000000e-01
1.8434571027e-01	-8.2500000000e-01
1.8713728777e-01	-8.2000000000e-01
1.8961419657e-01	-8.1500000000e-01
1.9214214879e-01	-8.1000000000e-01
1.9437786855e-01	-8.0500000000e-01
1.9700892878e-01	-8.0000000000e-01
1.9945452220e-01	-7.9500000000e-01
2.0202302426e-01	-7.9000000000e-01
2.0453844346e-01	-7.8500000000e-01
2.0686985983e-01	-7.8000000000e-01
2.0936796787e-01	-7.7500000000e-01
2.1165709950e-01	-7.7000000000e-01
2.1411494163e-01	-7.6500000000e-01
2.1655638157e-01	-7.6000000000e-01
2.1900306983e-01	-7.5500000000e-01
2.2144972478e-01	-7.5000000000e-01
2.2383105904e-01	-7.4500000000e-01
2.2633514953e-01	-7.4000000000e-01
2.2873050439e-01	-7.3500000000e-01
2.3093670852e-01	-7.3000000000e-01
2.3335470731e-01	-7.2500000000e-01
2.3583293687e-01	-7.2000000000e-01
2.3807645982e-01	-7.1500000000e-01
2.4010957890e-01	-7.1000000000e-01
2.4269148674e-01	-7.0500000000e-01
2.4497062556e-01	-7.0000000000e-01
2.4737018632e-01	-6.9500000000e-01
2.4960828771e-01	-6.9000000000e-01
2.5183544355e-01	-6.8500000000e-01
2.5417110933e-01	-6.8000000000e-01
2.5650904087e-01	-6.7500000000e-01
2.5865552349e-01	-6.7000000000e-01
2.6115397484e-01	-6.6500000000e-01
2.6328826130e-01	-6.6000000000e-01
2.6535725453e-01	-6.5500000000e-01
2.6767170212e-01	-6.5000000000e-01
2.6986721141e-01	-6.4500000000e-01
2.7186093398e-01	-6.4000000000e-01
2.7413705938e-01	-6.3500000000e-01
2.7641099195e-01	-6.3000000000e-01
2.7856103204e-01	-6.2500000000e-01
2.8057572590e-01	-6.2000000000e-01
2.8285476846e-01	-6.1500000000e-01
2.8512174994e-01	-6.1000000000e-01
2.8726595647e-01	-6.0500000000e-01
2.8920851451e-01	-6.0000000000e-01
2.9140621744e-01	-5.9500000000e-01
2.9337991612e-01	-5.9000000000e-01
2.9559965223e-01	-5.8500000000e-01
2.9775915276e-01	-5.8000000000e-01
2.9984014205e-01	-5.7500000000e-01
3.0170698775e-01	-5.7000000000e-01
3.0383268726e-01	-5.6500000000e-01
3.0582043882e-01	-5.6000000000e-01
3.0784482868e-01	-5.5500000000e-01
3.0996590904e-01	-5.5000000000e-01
3.1185349868e-01	-5.4500000000e-01
3.1381720953e-01	-5.4000000000e-01
3.1599792469e-01	-5.3500000000e-01
3.1777135546e-01	-5.3000000000e-01
3.1987279227e-01	-5.2500000000e-01
3.2171533364e-01	-5.2000000000e-01
3.2377672588e-01	-5.1500000000e-01
3.2581582966e-01	-5.1000000000e-01
3.2747633674e-01	-5.0500000000e-01
3.2954805969e-01	-5.0000000000e-01
3.3146294618e-01	-4.9500000000e-01
3.3325222220e-01	-4.9000000000e-01
3.3516507462e-01	-4.8500000000e-01
3.3695605614e-01	-4.8000000000e-01
3.3879048899e-01	-4.7500000000e-01
3.4072172081e-01	-4.7000000000e-01
3.4264706989e-01	-4.6500000000e-01
3.4439433885e-01	-4.6000000000e-01
3.4630091261e-01	-4.5500000000e-01
3.4802860196e-01	-4.5000000000e-01
3.4984010894e-01	-4.4500000000e-01
3.5156224678e-01	-4.4000000000e-01
3.5338343798e-01	-4.3500000000e-01
3.5528441304e-01	-4.3000000000e-01
3.5710251348e-01	-4.2500000000e-01
3.5873124007e-01	-4.2000000000e-01
3.6052300230e-01	-4.1500000000e-01
3.6214512059e-01	-4.1000000000e-01
3.6392149253e-01	-4.0500000000e-01
3.6568153869e-01	-4.0000000000e-01
3.6726538155e-01	-3.9500000000e-01
3.6903308582e-01	-3.9000000000e-01
3.7075754760e-01	-3.8500000000e-01
3.7227390383e-01	-3.8000000000e-01
3.7418524134e-01	-3.7500000000e-01
3.7570133188e-01	-3.7000000000e-01
3.7750002315e-01	-3.6500000000e-01
3.7894924024e-01	-3.6000000000e-01
3.8068596827e-01	-3.5500000000e-01
3.8242146247e-01	-3.5000000000e-01
3.8385124348e-01	-3.4500000000e-01
3.8553822483e-01	-3.4000000000e-01
3.8696916108e-01	-3.3500000000e-01
3.8862594700e-01	-3.3000000000e-01
3.9019252788e-01	-3.2500000000e-01
3.9189629583e-01	-3.2000000000e-01
3.9341447052e-01	-3.1500000000e-01
3.9496071707e-01	-3.1000000000e-01
3.9658684926e-01	-3.0500000000e-01
3.9815162080e-01	-3.0000000000e-01
3.9962026373e-01	-2.9500000000e-01
4.0097703655e-01	-2.9000000000e-01
4.0254838041e-01	-2.8500000000e-01
4.0415499558e-01	-2.8000000000e-01
4.0551858684e-01	-2.7500000000e-01
4.0704787018e-01	-2.7000000000e-01
4.0868675001e-01	-2.6500000000e-01
4.1021148266e-01	-2.6000000000e-01
4.1159899350e-01	-2.5500000000e-01
4.1298713895e-01	-2.5000000000e-01
4.1440178377e-01	-2.4500000000e-01
4.1591129157e-01	-2.4000000000e-01
4.1727178363e-01	-2.3500000000e-01
4.1866936511e-01	-2.3000000000e-01
4.2021850045e-01	-2.2500000000e-01
4.2165026210e-01	-2.2000000000e-01
4.2297170827e-01	-2.1500000000e-01
4.2442834289e-01	-2.1000000000e-01
4.2591163605e-01	-2.0500000000e-01
4.2737409631e-01	-2.0000000000e-01
4.2856330402e-01	-1.9500000000e-01
4.2992843354e-01	-1.9000000000e-01
4.3128661453e-01	-1.8500000000e-01
4.3267085979e-01	-1.8000000000e-01
4.3410410387e-01	-1.7500000000e-01
4.3534961925e-01	-1.7000000000e-01
4.3673249575e-01	-1.6500000000e-01
4.3784545695e-01	-1.6000000000e-01
4.3932417944e-01	-1.5500000000e-01
4.4050833322e-01	-1.5000000000e-01
4.4201422173e-01	-1.4500000000e-01
4.4354715704e-01	-1.4000000000e-01
4.4456526395e-01	-1.3500000000e-01
4.4579986561e-01	-1.3000000000e-01
4.4709904328e-01	-1.2500000000e-01
4.4841838353e-01	-1.2000000000e-01
4.4982165680e-01	-1.1500000000e-01
4.5100923668e-01	-1.1000000000e-01
4.5221714862e-01	-1.0500000000e-01
4.5334247510e-01	-1.0000000000e-01
4.5464904766e-01	-9.5000000000e-02
4.5580659987e-01	-9.0000000000e-02
4.5695365966e-01	-8.5000000000e-02
4.5824448010e-01	-8.0000000000e-02
4.5956268065e-01	-7.5000000000e-02
4.6070822937e-01	-7.0000000000e-02
4.6178160570e-01	-6.5000000000e-02
4.6307264103e-01	-6.0000000000e-02
4.6434458094e-01	-5.5000000000e-02
4.6540173919e-01	-5.0000000000e-02
4.6676948138e-01	-4.5000000000e-02
4.6766668519e-01	-4.0000000000e-02
4.6882691448e-01	-3.5000000000e-02
4.7033158097e-01	-3.0000000000e-02
4.7130554340e-01	-2.5000000000e-02
4.7255631249e-01	-2.0000000000e-02
4.7352870394e-01	-1.5000000000e-02
4.7471412123e-01	-1.0000000000e-02
4.7566318663e-01	-5.0000000000e-03
4.7698352686e-01	-0.0000000000e+00
4.7803652650e-01	5.0000000000e-03
4.7911285063e-01	1.0000000000e-02
4.8035116302e-01	1.5000000000e-02
4.8143090304e-01	2.0000000000e-02
4.8238388287e-01	2.5000000000e-02
4.8339836502e-01	3.0000000000e-02
4.8456010992e-01	3.5000000000e-02
4.8547134254e-01	4.0000000000e-02
4.8654606743e-01	4.5000000000e-02
4.8739909076e-01	5.0000000000e-02
4.8882475248e-01	5.5000000000e-02
4.8983910470e-01	6.0000000000e-02
4.9075701236e-01	6.5000000000e-02
4.9178760924e-01	7.0000000000e-02
4.9275274548e-01	7.5000000000e-02
4.9377155413e-01	8.0000000000e-02
4.9478840545e-01	8.5000000000e-02
4.9576310880e-01	9.0000000000e-02
4.9673693907e-01	9.5000000000e-02
4.9769887246e-01	1.0000000000e-01
4.9865398395e-01	1.0500000000e-01
4.9957722359e-01	1.1000000000e-01
5.0068940846e-01	1.1500000000e-01
5.0171386167e-01	1.2000000000e-01
5.0285697871e-01	1.2500000000e-01
5.0372655605e-01	1.3000000000e-01
5.0458267833e-01	1.3500000000e-01
5.0563982548e-01	1.4000000000e-01
5.0664858055e-01	1.4500000000e-01
5.0741020035e-01	1.5000000000e-01
5.0844824932e-01	1.5500000000e-01
5.0937414107e-01	1.6000000000e-01
