2.691644999996967158e-06 -1.593007267441500341e+00
3.697787000045416050e-06 -1.679409984024900604e+00
4.004869999962856753e-06 -1.487710813148999778e+00
4.239587999999017143e-06 -1.439111446887599843e+00
4.265629000022030937e-06 -1.625411517198300348e+00
4.434510999962171240e-06 -1.512011973179700153e+00
5.003202000031237162e-06 -1.574113508645400117e+00
6.222620000051470868e-06 -1.468816801074000367e+00
8.179558000032116638e-06 -1.479622084806600402e+00
9.977649999992621588e-06 -1.541726939654999962e+00
9.996801000000665738e-06 -1.495826991362700253e+00
1.154110000001207226e-05 -1.555231160970000248e+00
1.205632699996517232e-05 -1.517432552082900177e+00
1.315235699994588003e-05 -1.490435511363900067e+00
1.315235699994588003e-05 -1.412135511363899809e+00
1.520903300000764347e-05 -1.436441064389100131e+00
1.527930599998228445e-05 -1.466141254126199778e+00
1.607510299994618919e-05 -1.595743402778099895e+00
1.702069700004749109e-05 -1.493145955881900022e+00
1.727473699997261747e-05 -1.401346641789899872e+00
1.753647600000185491e-05 -1.576847348485200362e+00
1.771541999995296379e-05 -1.474247831633999972e+00
1.808449100004771992e-05 -1.547148828125700204e+00
1.972853499998539206e-05 -1.460753267044499815e+00
1.995529999998524318e-05 -1.420253879310000134e+00
2.411265400004136694e-05 -1.444565104165800085e+00
2.411265400004136694e-05 -1.382465104165800263e+00
2.411265400004136694e-05 -1.352765104165799981e+00
2.414858999999491829e-05 -1.441865201193000212e+00
2.462568999994640961e-05 -1.404066489362999937e+00
2.623456799999424049e-05 -1.449970833333599884e+00
2.691645099994754986e-05 -1.355472674417699919e+00
2.837429799995572210e-05 -1.428376610604599639e+00
2.867912199999711476e-05 -1.398677433629400113e+00
2.893518500002301153e-05 -1.560678124999500316e+00
2.952569900005475034e-05 -1.379779719387300041e+00
2.989000499997729321e-05 -1.406780703013499778e+00
3.045809000001842293e-05 -1.385182236842999792e+00
3.045809000001842293e-05 -1.433782236842999991e+00
3.045809000001842293e-05 -1.387882236843000161e+00
3.045809000001842293e-05 -1.390582236842999864e+00
3.145128799997287672e-05 -1.368984918477599733e+00
3.170979199995649367e-05 -1.377085616438399995e+00
3.858024699998630069e-05 -1.458104166666900126e+00
3.985773899994882186e-05 -1.374407615895299584e+00
4.082565800000992340e-05 -1.414910229276600262e+00
4.451566999996714458e-05 -1.409520192309000164e+00
4.568713499997212324e-05 -1.393323355264500130e+00
4.666965400001998887e-05 -1.350126008065800187e+00
4.700131599999490817e-05 -1.363626903553199821e+00
4.791814100002511623e-05 -1.371729378980700131e+00
5.032206099997438287e-05 -1.482435869564699749e+00
5.118968299999693272e-05 -1.366338212144100117e+00
5.166997399996819951e-05 -1.455439508929799786e+00
5.383290299998400030e-05 -1.358245348838099664e+00
5.774750300002740033e-05 -1.360955918258100139e+00
5.918560600004507677e-05 -1.452759801136200402e+00
6.441223800002227051e-05 -1.347473913042600335e+00
6.651766700005445898e-05 -1.306979597700900220e+00
6.722315800000711050e-05 -1.323181502526600051e+00
7.073045299998970137e-05 -1.396090972223099858e+00
7.144490199995079394e-05 -1.331292901235400228e+00
7.404289799994856480e-05 -1.333999915824599869e+00
7.514365100003139730e-05 -1.339402887857700231e+00
7.537385400002705182e-05 -1.328603509405800187e+00
7.871536500003717407e-05 -1.344812531485500173e+00
8.267195800004678574e-05 -1.282723214286600522e+00
8.631512900003635025e-05 -1.342133050848300480e+00
8.697281100000786580e-05 -1.336734826589700331e+00
9.024135000001987095e-05 -1.315143651645000356e+00
9.596594100003130734e-05 -1.309759108040700504e+00
9.704233899998637725e-05 -1.320562014315300292e+00
9.870865799999073431e-05 -1.304366513376600256e+00
1.018319819999780051e-04 -1.312474946351400051e+00
1.064505140000449046e-04 -1.325987416387800488e+00
1.114716150000250039e-04 -1.317900973360500050e+00
1.291225299999698706e-04 -1.301748630831000009e+00
1.325441520000358864e-04 -1.296357869210400082e+00
1.411957489999560167e-04 -1.299081228522300124e+00
1.412736929999880431e-04 -1.288281438971100368e+00
1.420131789999778960e-04 -1.293683435583300234e+00
1.435426939999651097e-04 -1.285587565273800026e+00
1.506419429999628079e-04 -1.280206733246100015e+00
1.625046759999859702e-04 -1.266738762625200243e+00
1.686674109999675153e-04 -1.291055402009700037e+00
1.789294159999510470e-04 -1.277583109423200192e+00
1.827485380000437587e-04 -1.269493421052600102e+00
1.909527369999830526e-04 -1.261415572389900319e+00
1.913549319999541254e-04 -1.258716658316399784e+00
1.962043380000499937e-04 -1.274929751712600146e+00
2.040768729999475894e-04 -1.272251007557100078e+00
2.102590710000296070e-04 -1.256067699491700385e+00
2.142484539999767179e-04 -1.264178470825799927e+00
2.284661920000097268e-04 -1.250716858718400326e+00
2.716495690000542140e-04 -1.242733453836300184e+00
2.840382119999596000e-04 -1.240066903172400092e+00
2.859704450000055687e-04 -1.248172120201499924e+00
2.886230059999661535e-04 -1.245479282116200181e+00
2.908058809999447547e-04 -1.253585175878699776e+00
3.236076129999876372e-04 -1.237473740555099955e+00
3.384086309999867481e-04 -1.226713703303699887e+00
3.449035429999858238e-04 -1.232131239566099934e+00
3.599962839999637509e-04 -1.229471989966800072e+00
3.620533220000110575e-04 -1.234877543969400415e+00
3.669474609999667791e-04 -1.224090758144700253e+00
3.926394750000117284e-04 -1.216060126582499956e+00
4.167057020000308754e-04 -1.218825105395400454e+00
4.307644109999841930e-04 -1.210763063909700010e+00
4.325664050000010974e-04 -1.221567929293499999e+00
4.610012550000375242e-04 -1.202744703388500369e+00
4.628181060000180480e-04 -1.213549608886200337e+00
4.838659729999861270e-04 -1.208206438127100268e+00
4.938736430000201238e-04 -1.200133458836099898e+00
5.114805460000315662e-04 -1.205580997474200000e+00
5.709097139999785853e-04 -1.194941456227799792e+00
5.787037040000386767e-04 -1.473062500000799968e+00
6.048324659999604336e-04 -1.197733047658200212e+00
6.262525050000355975e-04 -1.181590881763500356e+00
6.291946309999740805e-04 -1.189698825503699764e+00
6.410702679999769060e-04 -1.192430889723600229e+00
6.736929480000153347e-04 -1.184418970959600026e+00
6.746696449999589618e-04 -1.176321608041500211e+00
6.859583620000275772e-04 -1.187152087577400206e+00
7.550844300000525422e-04 -1.173838727961000084e+00
7.633259149999460647e-04 -1.179260979970499834e+00
8.748296789999887579e-04 -1.166062040133300171e+00
8.787006070000158431e-04 -1.163372491638899886e+00
8.860313220000470835e-04 -1.171492284569400244e+00
9.475548959999580134e-04 -1.160858398219200005e+00
9.530192409999971304e-04 -1.168973151950699840e+00
1.017820584000017625e-03 -1.158348115576799842e+00
1.065287225999966836e-03 -1.155776275510200124e+00
1.120633592999964456e-03 -1.153225710701099693e+00
1.221155883999958114e-03 -1.145397120886800124e+00
1.224934940999955479e-03 -1.142707324340699770e+00
1.267581458999966770e-03 -1.150922469939300141e+00
1.296994229999959281e-03 -1.148301884420999786e+00
1.346431230000000312e-03 -1.137635364320999987e+00
1.379080351999961707e-03 -1.132323516950399789e+00
1.401491447999947404e-03 -1.135084026909600086e+00
1.471180260000037876e-03 -1.140672186702000213e+00
1.529597893999978808e-03 -1.130029914313800177e+00
1.567040746999981415e-03 -1.124731010016900123e+00
1.603165666000050393e-03 -1.127528547298199957e+00
1.663527935000019831e-03 -1.122291525424499836e+00
1.677803432999946942e-03 -1.119630069269099915e+00
1.753530286000004601e-03 -1.117134531772199901e+00
1.868427787000026541e-03 -1.114744755024900336e+00
1.898031972000002732e-03 -1.112124686324399869e+00
1.910978173000010827e-03 -1.109459641067100266e+00
1.977237654000041367e-03 -1.106938541665799969e+00
2.188631300000021263e-03 -1.102109304509999888e+00
2.272234608999945671e-03 -1.105035033444299986e+00
2.311906756000015051e-03 -1.099742148241200201e+00
2.413358684000055376e-03 -1.094616068446800261e+00
2.532010914999993645e-03 -1.097636429470499886e+00
2.580902196000045556e-03 -1.092368435929199855e+00
2.740673277999983171e-03 -1.090099817850600061e+00
2.765884618999958633e-03 -1.087467888471299826e+00
2.935280641000015400e-03 -1.085225257730700221e+00
3.039192208999952349e-03 -1.082805818964299727e+00
3.102548618999945162e-03 -1.080276881271299949e+00
3.363836244000051323e-03 -1.072882357858800040e+00
3.365527351000041634e-03 -1.075586923847700271e+00
3.401360543999976116e-03 -1.078383673468799708e+00
3.696013943999987283e-03 -1.071079237648800087e+00
3.700688413999952964e-03 -1.068391858717799625e+00
3.791909348999977780e-03 -1.065938155242299956e+00
4.050925925999981914e-03 -1.061237500000200118e+00
4.135585987000034436e-03 -1.064166082164899940e+00
4.212729732000042304e-03 -1.058974370276399846e+00
4.623784138000019972e-03 -1.057384217172600227e+00
4.676870748000050426e-03 -1.054827551019599907e+00
4.685520531000020306e-03 -1.052150905433700157e+00
4.885929265999955362e-03 -1.049992009018199779e+00
4.910847091999959169e-03 -1.047359287148399876e+00
5.189915627999974745e-03 -1.045412772195599693e+00
5.384270891000020320e-03 -1.043237531405700080e+00
5.462557363000053456e-03 -1.040748904880099968e+00
5.767894165999987166e-03 -1.036173314248199695e+00
5.803305815999970640e-03 -1.038968925703199986e+00
6.190964454000025263e-03 -1.034615604025800106e+00
6.215992703999972946e-03 -1.031983180300799718e+00
6.424970481999969785e-03 -1.029847420301400085e+00
6.590953416000022713e-03 -1.027595574223200359e+00
6.997899002999963258e-03 -1.025994327308100029e+00
7.279605507000019848e-03 -1.021354934868900166e+00
7.318986181999997953e-03 -1.024161262691400287e+00
7.802672956000011872e-03 -1.017367216981200029e+00
7.852177009999961044e-03 -1.020200877927000205e+00
8.055244842000042205e-03 -1.015349161073400452e+00
8.296685964999994667e-03 -1.013301052105500144e+00
8.689257867000033109e-03 -1.011660996240900445e+00
8.805184566999968432e-03 -1.009273998330900035e+00
9.375387093000009386e-03 -1.008113545151100299e+00
9.419902761999998653e-03 -1.005533737457400045e+00
9.625187056000017449e-03 -1.003388005051200293e+00
9.969599428000019969e-03 -1.001617918455599998e+00
1.014035738600005399e-02 -9.993789649422004651e-01
1.068472841599998890e-02 -9.981487667231999650e-01
1.075577351099998857e-02 -9.956405884797002726e-01
1.111227045100005029e-02 -9.939031302177001592e-01
1.162985274399996882e-02 -9.926006024088002144e-01
1.177349224199997213e-02 -9.902884290533999767e-01
1.189335887599995978e-02 -9.879120689652002296e-01
1.259463371199998072e-02 -9.871055110223999618e-01
1.297444868499997295e-02 -9.854310114495001827e-01
1.299999224500003603e-02 -9.827999790615000730e-01
1.332766281399999642e-02 -9.809846895978002745e-01
1.369577308100000668e-02 -9.792785873186999890e-01
1.444533475800002797e-02 -9.759024038466000972e-01
1.446391828299997684e-02 -9.786525793641002169e-01
1.489548260399997659e-02 -9.744178030308002780e-01
1.532622064400002149e-02 -9.728807957388000416e-01
1.560524902000004488e-02 -9.709341723540003688e-01
1.598999154799995992e-02 -9.692729771795999261e-01
1.632906521099997121e-02 -9.674884760697002317e-01
1.701287106799997950e-02 -9.666347518835999297e-01
1.741800062800002991e-02 -9.650286016956003410e-01
1.787400904199998308e-02 -9.635598244133999346e-01
1.811167816299996680e-02 -9.615015310401001658e-01
1.867399902199995410e-02 -9.603197973593998737e-01
1.889024664899996431e-02 -9.582036659523002209e-01
1.951141539699996486e-02 -9.571808215718998758e-01
1.976584980999995800e-02 -9.551677944870001769e-01
2.040914497599999322e-02 -9.542046914351999254e-01
2.065425023900002710e-02 -9.521664756453003253e-01
2.136207700500003526e-02 -9.513776079135000119e-01
2.174438106700005147e-02 -9.497098288809003863e-01
2.225159216000005546e-02 -9.483792988320001172e-01
2.290532523699995160e-02 -9.474443781399001230e-01
2.314814814800003617e-02 -9.453999999996000048e-01
2.338700907299995357e-02 -9.433449244971001679e-01
2.419155382399995613e-02 -9.428171953247997950e-01
2.458501006000002320e-02 -9.411795271620002623e-01
2.491972299599998220e-02 -9.393832520891999271e-01
2.556074143599995629e-02 -9.384140018772001435e-01
2.625984729700003850e-02 -9.376015877019000522e-01
2.695688016999997494e-02 -9.367835764590001224e-01
2.729423005200004582e-02 -9.349944211404001004e-01
2.740550545499997881e-02 -9.325948647285001725e-01
2.838211171500004681e-02 -9.325317016305000317e-01
2.868363809800000830e-02 -9.306458228646002917e-01
2.936304882600004884e-02 -9.297802318302000879e-01
3.019781144800004480e-02 -9.293340909096002855e-01
3.075541863899999839e-02 -9.281396303252998914e-01
3.122441106100004582e-02 -9.267059098647003612e-01
3.151709401699998025e-02 -9.247961538458998598e-01
3.220257127600001379e-02 -9.239469424452002588e-01
3.275015895699995294e-02 -9.227254291838997702e-01
3.325126966400004935e-02 -9.213784280928003501e-01
3.396382087399996141e-02 -9.206023163597998327e-01
3.453683104700000506e-02 -9.194494438269001924e-01
3.529391740400000810e-02 -9.187935769907998873e-01
3.592082766899995505e-02 -9.177862347063000525e-01
3.637057569000001767e-02 -9.163005543629999528e-01
3.686191828100005008e-02 -9.149271793587002710e-01
3.750709799300000480e-02 -9.139691645810998910e-01
3.820026056199998798e-02 -9.131407035174001763e-01
3.848844451900002017e-02 -9.112188002012999721e-01
3.950756238200003878e-02 -9.112704184314003308e-01
4.007398784899995903e-02 -9.100997671922997911e-01
4.063186597599999228e-02 -9.089060381352001006e-01
4.130715133999995903e-02 -9.080293086179997974e-01
4.186481879399994721e-02 -9.068350107438000185e-01
4.233698879199998544e-02 -9.054098697383998751e-01
4.294260374799996338e-02 -9.043450301196001018e-01
4.391764167500000760e-02 -9.042776325224999301e-01
4.412382392500002748e-02 -9.021343245975002034e-01
4.494349324199997664e-02 -9.016474317533997862e-01
4.583835713799999656e-02 -9.013635642726001151e-01
4.638393961900000306e-02 -9.001366369712998639e-01
4.711162920500000517e-02 -8.994013988535001225e-01
4.774013281000000219e-02 -8.983983585869999011e-01
4.852498296800000777e-02 -8.978174540136001358e-01
4.901005715100004156e-02 -8.964271543076999249e-01
4.977679754099995080e-02 -8.957973533606999883e-01
5.021303005900001892e-02 -8.942751811592999367e-01
5.105152105400001528e-02 -8.938391068458001465e-01
5.177286997300001303e-02 -8.930867489270998272e-01
5.233355747199996966e-02 -8.919006051744000629e-01
5.316535849500003685e-02 -8.914464679364999533e-01
5.393460454599996456e-02 -8.908234322742000222e-01
5.444459928199996135e-02 -8.895004180613996780e-01
5.531521562300001360e-02 -8.891510821821001498e-01
5.587216098900005257e-02 -8.879548346703000083e-01
5.638394190600004574e-02 -8.866366431462002762e-01
5.707215836500001416e-02 -8.857948275854998776e-01
5.787384955099994510e-02 -8.852593937876999108e-01
5.864218988199998428e-02 -8.846339126813997922e-01
5.939963557899996527e-02 -8.839790160632999827e-01
6.015095382799995338e-02 -8.833075753355996707e-01
6.076554706600001410e-02 -8.822669770782001208e-01
6.155567665299999103e-02 -8.817003269630997453e-01
6.218746135499997330e-02 -8.807061456585000281e-01
6.271895151299999860e-02 -8.794411690850998387e-01
6.357390707300003552e-02 -8.790495490971002024e-01
6.421398762899999113e-02 -8.780777665982997249e-01
6.515682000900002713e-02 -8.779234140243001860e-01
6.561863543799995035e-02 -8.764703156825996988e-01
6.635880095400004119e-02 -8.757687625758001637e-01
6.711684701800002539e-02 -8.751154869485998633e-01
6.782040283199997077e-02 -8.743150876463999799e-01
6.880090270000005503e-02 -8.742624372899999718e-01
6.930063831400001817e-02 -8.729117234478001031e-01
7.005213163900003703e-02 -8.722407554252998851e-01
7.109428314400001447e-02 -8.723545644888001105e-01
7.163017497400003819e-02 -8.711014724297998502e-01
7.222659951400001166e-02 -8.700118186878000870e-01
7.300681648999995943e-02 -8.694184045230002322e-01
7.365018809900003571e-02 -8.684555078673001915e-01
7.476437081300002507e-02 -8.687638011951004380e-01
7.514316525399999946e-02 -8.670865461858000556e-01
7.578035509699998507e-02 -8.661069587619003585e-01
7.706823671499996031e-02 -8.668842391304999451e-01
7.765274681000000623e-02 -8.657624163870003553e-01
7.835241700700001921e-02 -8.649515259189001215e-01
7.898107486399996713e-02 -8.639489021328002893e-01
7.983327766600001318e-02 -8.635498496982000338e-01
8.034384887400003450e-02 -8.622283919598003887e-01
8.113809019700002345e-02 -8.616728435319001012e-01
8.187690753099996499e-02 -8.609676503337002629e-01
8.270519262999997956e-02 -8.605040201010000223e-01
8.346858962500003365e-02 -8.598651919875004435e-01
8.452560240999995589e-02 -8.600191265069998536e-01
8.516222259299999209e-02 -8.590380010011002820e-01
8.580507067300002788e-02 -8.580736908171000543e-01
8.670571900900003737e-02 -8.578054413243003662e-01
8.750077678299994499e-02 -8.572520973140999034e-01
8.801466271699998067e-02 -8.559395893359003082e-01
8.874654331300002585e-02 -8.552156669451000948e-01
8.959262355999997318e-02 -8.548000836120002166e-01
9.037713353400000926e-02 -8.542182605418000563e-01
9.104609682300002227e-02 -8.533244614221003888e-01
9.208115858699994494e-02 -8.534191281848998445e-01
9.265137365499998001e-02 -8.522587088685001921e-01
9.374903226800002098e-02 -8.525223871236000672e-01
9.447865122200005406e-02 -8.517923582994004761e-01
9.502457225100002791e-02 -8.505663450777000145e-01
9.553062678099999427e-02 -8.492326923087002433e-01
9.658880237300004890e-02 -8.493897664071000664e-01
9.735890098599997433e-02 -8.487690326622001624e-01
9.803318159300000723e-02 -8.478895903011000046e-01
9.882433818000002645e-02 -8.473257130860003539e-01
9.942689977100005461e-02 -8.462526293817000944e-01
1.003953827989999548e-01 -8.461675335573001222e-01
1.009552003850000546e-01 -8.449790410395001672e-01
1.020879784470000162e-01 -8.453375418069003500e-01
1.030134649549999670e-01 -8.451363553784998484e-01
1.037830974969999875e-01 -8.445143632419002122e-01
1.045720567929999678e-01 -8.439445533410998568e-01
1.053734284030000135e-01 -8.434082566881002663e-01
1.060309008859999791e-01 -8.424834323921999157e-01
1.072798782580000054e-01 -8.431556712966002953e-01
1.079417198640000297e-01 -8.422426436327999921e-01
1.093483038470000057e-01 -8.406404203868999003e-01
1.093854585010000102e-01 -8.434407379527002480e-01
1.104398537849999862e-01 -8.408876052195002337e-01
1.114928578380000035e-01 -8.410307161625999450e-01
1.120060277669999715e-01 -8.397162749709001783e-01
1.155428909269999860e-01 -8.465658055028999485e-01
1.164085274030000061e-01 -8.462030239881002114e-01
1.184841599960000380e-01 -8.491072319892000175e-01
1.227545605419999575e-01 -8.579373134634000753e-01
1.248439022899999751e-01 -8.608785361829998095e-01
1.274708618840000307e-01 -8.652713270868003237e-01
1.290683596780000109e-01 -8.668845711305999124e-01
1.309068046260000173e-01 -8.691483724902002717e-01
1.321676476780000442e-01 -8.698526487306000865e-01
1.337581447190000494e-01 -8.714469907413003869e-01
1.352238535949999987e-01 -8.727044047064999033e-01
1.380615614300000349e-01 -8.776662158610003539e-01
1.391962274770000008e-01 -8.780298141878999374e-01
1.396967508109999700e-01 -8.766812271897000963e-01
1.421801361929999619e-01 -8.806863677210997610e-01
1.436503750590000239e-01 -8.819560126593002369e-01
1.452516845729999728e-01 -8.835795483470998413e-01
1.459654967469999898e-01 -8.828068412169001178e-01
1.480828194140000331e-01 -8.858236124177999438e-01
1.492970918820000215e-01 -8.864021480814002762e-01
1.502042689760000327e-01 -8.861515262351999933e-01
1.521719594429999933e-01 -8.887642904961001733e-01
1.528323357030000329e-01 -8.878473063980999447e-01
1.529236137630000103e-01 -8.853937571601001588e-01
1.547212631159999852e-01 -8.875474104131998443e-01
1.551669682449999810e-01 -8.860508142615001193e-01
1.559279698080000554e-01 -8.854055184815999846e-01
1.561616482900000102e-01 -8.833364503830002379e-01
1.572417851349999784e-01 -8.835528198644998499e-01
1.582584992869999763e-01 -8.835979480749001080e-01
1.587092109030000531e-01 -8.794148694381003217e-01
1.588438851290000509e-01 -8.824784898483000184e-01
1.594323856939999784e-01 -8.786674413737998179e-01
1.601991758240000063e-01 -8.780377747248001574e-01
1.605460828260000250e-01 -8.762744236301999168e-01
1.612123518929999832e-01 -8.726733501110998104e-01
1.613125641379999919e-01 -8.756439231726000916e-01
1.620195886840000155e-01 -8.721528894468001392e-01
1.621762042600000120e-01 -8.698757515019999165e-01
1.627187675360000085e-01 -8.686406723472002156e-01
1.631401909720000543e-01 -8.670785156243999703e-01
1.632621856810000383e-01 -8.647079013387002355e-01
1.637801345110000417e-01 -8.634063631796999871e-01
1.639236695660000187e-01 -8.610939078282001669e-01
1.642575768120000390e-01 -8.592954573923999861e-01
1.643445449870000186e-01 -8.568302714649002061e-01
1.647629209809999828e-01 -8.552598866486997853e-01
1.651944913659999514e-01 -8.537251266881999978e-01
1.653208892619999482e-01 -8.513664010073996868e-01
1.655958566480000282e-01 -8.494088129496002448e-01
1.664125532050000356e-01 -8.489138936534998958e-01
1.668663533719999537e-01 -8.474391541043999609e-01
1.670666315050000073e-01 -8.452799050634998146e-01
1.673179502660000484e-01 -8.432584657182001786e-01
1.676348297349999905e-01 -8.414140402844997313e-01
1.679307689450000307e-01 -8.395130761515001705e-01
1.681938014399999570e-01 -8.375232638879996916e-01
1.685802026960000477e-01 -8.358665472792001783e-01
1.688571415289999988e-01 -8.339142821282997664e-01
1.692098135549999771e-01 -8.321664965985000606e-01
1.694978248720000469e-01 -8.302441271543998802e-01
1.696908289980000317e-01 -8.280652382946002144e-01
1.697238589599999736e-01 -8.254544191919996887e-01
1.700689783740000349e-01 -8.236862416098001960e-01
1.705313661409999515e-01 -8.222346885806995909e-01
1.706595286759999830e-01 -8.198807274252000177e-01
1.710712448560000043e-01 -8.182923611111997397e-01
1.711266361740000352e-01 -8.103419176698001269e-01
1.712962962959999613e-01 -8.161999999992000099e-01
1.714298982619999467e-01 -8.138607253073996128e-01
1.717518299550000460e-01 -8.066299408785001512e-01
1.717596569939999762e-01 -8.093510738837996765e-01
1.721304637970000329e-01 -8.049522522518998136e-01
1.727176286410000428e-01 -8.038375973307001487e-01
1.731718540829999542e-01 -8.023640060241001848e-01
1.735294392170000366e-01 -8.006294858859001051e-01
1.737991533730000038e-01 -7.986577141071004027e-01
1.741233105589999886e-01 -7.968329385093000372e-01
1.743494905860000221e-01 -7.947436245822003809e-01
1.747201858039999500e-01 -7.930445016707998729e-01
1.750886031320000313e-01 -7.913392284564003676e-01
1.754204317269999480e-01 -7.895351656628999404e-01
1.758128629920000519e-01 -7.878947300784004959e-01
1.760823323319999911e-01 -7.832222972964002494e-01
1.762551106299999892e-01 -7.863887987009999803e-01
1.766046767109999971e-01 -7.819326271197000189e-01
1.771256775070000344e-01 -7.806393292689004504e-01
1.775077160489999528e-01 -7.789708333322998834e-01
1.779484808300000331e-01 -7.774608982410003977e-01
1.781807413599999501e-01 -7.753880016719998380e-01
1.787121159379999602e-01 -7.741227130326001626e-01
1.788318807700000068e-01 -7.717460780789999752e-01
1.789952679039999994e-01 -7.667872233407999616e-01
1.790990237670000429e-01 -7.697673641709004144e-01
1.797390801129999938e-01 -7.633955163050999415e-01
1.797513276140000338e-01 -7.661285845578004183e-01
1.807394563540000165e-01 -7.633965321558003891e-01
1.812842935530000199e-01 -7.621675925931000739e-01
1.814355618130000236e-01 -7.598760168951003147e-01
1.818376835889999876e-01 -7.582617456902999153e-01
1.825850372939999966e-01 -7.521796006938002987e-01
1.826250822520000261e-01 -7.576877220804003610e-01
1.827746449460000422e-01 -7.553915413542000579e-01
1.835232965930000404e-01 -7.520129008011000593e-01
1.839763742969999782e-01 -7.505362106019002333e-01
1.842327959239999924e-01 -7.485285489947999249e-01
1.848556183299999711e-01 -7.475101694910002426e-01
1.849631824709999650e-01 -7.451005926716999239e-01
1.857093817260000446e-01 -7.444153306602003806e-01
1.861403415529999661e-01 -7.428789221930999220e-01
1.863984066549999596e-01 -7.408756979685001687e-01
1.869956872569999984e-01 -7.397883555938999933e-01
1.875779398929999786e-01 -7.386604377111002373e-01
1.877517623359999943e-01 -7.364297583071999220e-01
1.879862304310000454e-01 -7.316628221637000440e-01
1.883558294210000428e-01 -7.353607394367003280e-01
1.890627937579999474e-01 -7.318695431466001322e-01
1.895732857230000290e-01 -7.305478714520999839e-01
1.899881351200000124e-01 -7.289679648240002807e-01
1.901734905480000348e-01 -7.267684244795999948e-01
1.909571518129999923e-01 -7.261843098951001885e-01
1.913704448919999468e-01 -7.246002012083997412e-01
1.920298931199999615e-01 -7.236807114240001448e-01
1.926749326179999500e-01 -7.227223180685997672e-01
1.930511194990000012e-01 -7.183380226472999563e-01
1.930689326260000005e-01 -7.210861180902001788e-01
1.940373331179999772e-01 -7.156007994185998866e-01
1.940539235279999941e-01 -7.183455935256002345e-01
1.950279787299999956e-01 -7.155755425710002005e-01
1.955191798940000281e-01 -7.142017857137999970e-01
1.959159222040000037e-01 -7.125729899508002063e-01
1.967224412420000013e-01 -7.120505913533998754e-01
1.969492524350000551e-01 -7.099629815745003292e-01
1.973657993440000036e-01 -7.083876582287998991e-01
1.980707937840000543e-01 -7.075911432168003889e-01
1.987123842589999523e-01 -7.066234374992997891e-01
1.988314861579999482e-01 -7.042450126266001087e-01
1.994885982559999604e-01 -7.033192152911997841e-01
2.004792549149999603e-01 -7.005939882704997901e-01
2.004924083400000390e-01 -7.033295025180003046e-01
2.015876104189999740e-01 -7.008865481313001355e-01
2.018880481999999477e-01 -6.989977301399997733e-01
2.024063341220000423e-01 -6.976971021294002817e-01
2.029653575990000292e-01 -6.965064655172999997e-01
2.034739892560000207e-01 -6.951797709912002077e-01
2.037970968090000445e-01 -6.933521613843000031e-01
2.044127638730000029e-01 -6.923144624571001549e-01
2.053910084779999590e-01 -6.922557228905997784e-01
2.054291697629999636e-01 -6.896587583601000437e-01
2.061910633410000138e-01 -6.890158710206999437e-01
2.069923211359999682e-01 -6.884792670672000847e-01
2.071414723250000200e-01 -6.861819752774999115e-01
2.077090700420000102e-01 -6.850144891134002378e-01
2.081718798630000089e-01 -6.835640756300999099e-01
2.088778484900000176e-01 -6.827701909230001753e-01
2.095261715799999758e-01 -6.818206632659997712e-01
2.102079251799999771e-01 -6.809613979860000832e-01
2.108754960319999538e-01 -6.800638392863996851e-01
2.112489753330000219e-01 -6.783722333991002440e-01
2.119731901300000443e-01 -6.776276133509999688e-01
2.122300488170000277e-01 -6.756211318059002213e-01
2.124205226769999566e-01 -6.734354112278997384e-01
2.134235978080000207e-01 -6.734437140816001977e-01
2.141390590199999666e-01 -6.726754593539997495e-01
2.146546144700000047e-01 -6.713674590690000832e-01
2.150585844090000531e-01 -6.697581779042999228e-01
2.157153057799999774e-01 -6.688313256060000045e-01
2.165376518370000225e-01 -6.683516599598998686e-01
2.168435680660000253e-01 -6.664776337782001292e-01
2.174988793050000035e-01 -6.655469741234998349e-01
2.180848233290000326e-01 -6.644290229883001997e-01
2.187966461420000064e-01 -6.636509445833997933e-01
2.193795308799999511e-01 -6.625247333759999302e-01
2.200669293539999627e-01 -6.616807092557996928e-01
2.205694754639999644e-01 -6.603375837528000503e-01
2.212243458579999933e-01 -6.594057338165997262e-01
2.218746116080000386e-01 -6.584614513416001680e-01
2.224703765740000394e-01 -6.573700167497998903e-01
2.228709601320000289e-01 -6.557515923564001259e-01
2.235505608860000049e-01 -6.548865143921998033e-01
2.240245748889999611e-01 -6.534663522003000269e-01
2.246639677199999685e-01 -6.524927128439996782e-01
2.252814180109999898e-01 -6.514598286297000884e-01
2.254139374089999537e-01 -6.491176310042996445e-01
2.264318249700000285e-01 -6.491659274190001438e-01
2.271106690859999722e-01 -6.482988065321997340e-01
2.277341378260000493e-01 -6.472821721302002285e-01
2.282053808820000418e-01 -6.458545283813998950e-01
2.288293318440000057e-01 -6.448391959788001282e-01
2.295378995560000135e-01 -6.440523288011997805e-01
2.304307689450000307e-01 -6.437630761515001909e-01
2.307037703169999565e-01 -6.418001798558996551e-01
2.314450924049999969e-01 -6.411017494935000727e-01
2.320330433030000084e-01 -6.399892169180997348e-01
2.322958669350000394e-01 -6.379988407245001936e-01
2.329132659370000136e-01 -6.369658180298998218e-01
2.337796781159999782e-01 -6.366051309132000346e-01
2.343149001180000468e-01 -6.353502303185998290e-01
2.349137178950000404e-01 -6.342670383165001091e-01
2.356581619349999990e-01 -6.335770372244999837e-01
2.363260129430000411e-01 -6.326802349461001507e-01
2.368010334779999670e-01 -6.312627903905999593e-01
2.376251308279999641e-01 -6.307878532355999379e-01
2.383453656399999732e-01 -6.300324872279999822e-01
2.387762131609999505e-01 -6.284957755346999297e-01
2.395253905340000156e-01 -6.278185544418000141e-01
2.401359301030000504e-01 -6.267670112781001945e-01
2.413903298380000173e-01 -6.274538905626000362e-01
2.414441245109999468e-01 -6.248991361796998323e-01
2.419589412639999715e-01 -6.235891414127999743e-01
2.427719960059999682e-01 -6.230843892161999076e-01
2.433262003609999446e-01 -6.218807409746998083e-01
2.437525203179999878e-01 -6.203318048585999556e-01
2.444945729590000116e-01 -6.196353469893000065e-01
2.454762187400000295e-01 -6.195857905980001190e-01
2.461124727669999901e-01 -6.186036764708999769e-01
2.464765822650000215e-01 -6.168867721155000261e-01
2.470697947440000375e-01 -6.157884458088001001e-01
2.480296100479999488e-01 -6.156799471295998361e-01
2.483650653719999823e-01 -6.138856765043999575e-01
2.490975121780000245e-01 -6.131632828806000690e-01
2.497273254880000293e-01 -6.121637788176000905e-01
2.503518829230000353e-01 -6.111500838921001266e-01
2.511292922479999579e-01 -6.105490890695998152e-01
2.515731428270000514e-01 -6.090474856329001208e-01
2.522054611049999728e-01 -6.080547449834998730e-01
2.534568688589999841e-01 -6.087335459192999565e-01
2.540489904620000239e-01 -6.076322742474000727e-01
2.543102585650000025e-01 -6.056376981254999459e-01
2.549621509110000517e-01 -6.046978074597001429e-01
2.556091247499999719e-01 -6.037446368249999029e-01
2.563995172220000507e-01 -6.031786964994001465e-01
2.572248996799999521e-01 -6.027072291359998335e-01
2.576507465149999732e-01 -6.011570155904998325e-01
2.586366138700000317e-01 -6.011188574490000658e-01
2.589601050230000423e-01 -5.992922835621000699e-01
2.594989975899999468e-01 -5.980472934929997875e-01
2.605056980059999860e-01 -5.980653846161999576e-01
2.612527674579999681e-01 -5.973824721365998958e-01
2.621892576669999642e-01 -5.972109957008998604e-01
2.625123432939999724e-01 -5.953833268937999135e-01
2.631513253449999645e-01 -5.944085784314998566e-01
2.637199968210000023e-01 -5.932439914166999229e-01
2.644675925930000115e-01 -5.925625000011000010e-01
2.653322554129999844e-01 -5.921970896150998698e-01
2.658632897599999545e-01 -5.909308823519997533e-01
2.667684417069999814e-01 -5.906747926088998790e-01
2.672516011119999702e-01 -5.892793230023998241e-01
2.679544546409999839e-01 -5.884770275306998588e-01
2.688597393689999837e-01 -5.882212962962998226e-01
2.698824051599999496e-01 -5.882824939319998281e-01
2.704436617850000113e-01 -5.870978868194999256e-01
2.709600886759999661e-01 -5.857922394251998677e-01
2.712147139980000121e-01 -5.837797277945999674e-01
2.728179603489999661e-01 -5.827084929422997606e-01
2.730127991559999634e-01 -5.859345577211998446e-01
2.732641208339999794e-01 -5.812131262517998831e-01
2.749237927969999662e-01 -5.802942405518998203e-01
2.749311811810000172e-01 -5.830141891886999606e-01
2.754570778410000420e-01 -5.790341101707000560e-01
2.772863096640000302e-01 -5.785730360928003080e-01
2.773953867449999722e-01 -5.815675442114998095e-01
2.774443203669999525e-01 -5.762996649909000180e-01
2.789647582199999976e-01 -5.777048471940001706e-01
2.797189773679999991e-01 -5.770412388936001502e-01
2.810458588509999744e-01 -5.779238188977000590e-01
2.848362239539999896e-01 -5.746578046758001879e-01
2.870432884660000239e-01 -5.887168788582002321e-01
2.879440188509999610e-01 -5.884488508977000487e-01
2.882953703699999704e-01 -5.947974999990001121e-01
2.908159227600000118e-01 -5.935029914520002503e-01
2.917631172839999509e-01 -5.906604166668000255e-01
2.925807554710000424e-01 -5.901680397717002924e-01
2.928951290989999512e-01 -5.883168485673000436e-01
2.939523129479999497e-01 -5.884712449596000150e-01
2.942891932219999784e-01 -5.866808216994000569e-01
2.952610273589999501e-01 -5.866047738692999891e-01
2.957393075530000415e-01 -5.851961303931002556e-01
2.957469982689999721e-01 -5.825168953263000216e-01
2.970940639529999761e-01 -5.834539726731000631e-01
2.976551438260000015e-01 -5.822688883302001850e-01
2.986364928529999796e-01 -5.822185307031000345e-01
2.989569636200000158e-01 -5.803838017740001742e-01
2.994424468890000135e-01 -5.789946066003002212e-01
3.004914636859999932e-01 -5.791269519522000975e-01
3.016826016439999592e-01 -5.796430244388000030e-01
3.016873781679999533e-01 -5.769559210536000515e-01
3.027062839999999921e-01 -5.770069668000000762e-01
3.030519067010000178e-01 -5.752401480927001876e-01
3.035593792170000471e-01 -5.739103238859002420e-01
3.042771816549999508e-01 -5.731483904684999686e-01
3.048667341430000288e-01 -5.720401821861001990e-01
3.058685772579999851e-01 -5.720451585966001007e-01
3.066387404439999687e-01 -5.714245991988000650e-01
3.070770536050000388e-01 -5.699080447335002075e-01
3.073699255309999545e-01 -5.679987989336999776e-01
3.083104566040000272e-01 -5.678382328308001492e-01
3.091415732960000051e-01 -5.673822478992001095e-01
3.095936988699999892e-01 -5.659029869490000975e-01
3.099765538069999549e-01 -5.642366952788999690e-01
3.111060083129999487e-01 -5.645862224450999278e-01
3.117554258079999752e-01 -5.636396496816000745e-01
3.124791232429999788e-01 -5.628936327561000486e-01
3.128935650940000146e-01 -5.613126257538001429e-01
3.135269953049999447e-01 -5.603228873234998852e-01
3.143679528820000346e-01 -5.598934727814002255e-01
3.148342997880000382e-01 -5.584526094276002217e-01
3.154696467650000002e-01 -5.574680462655000612e-01
3.162017081739999513e-01 -5.567446120697999712e-01
3.166585361189999670e-01 -5.552780475212999445e-01
3.174743059469999906e-01 -5.547806260569000392e-01
3.179265816580000292e-01 -5.533017704766001188e-01
3.183756141350000402e-01 -5.518141581645001903e-01
3.193233474919999759e-01 -5.516730382283999701e-01
3.200698178019999451e-01 -5.509885080653998957e-01
3.205264318199999574e-01 -5.495213659139999152e-01
3.207651255179999605e-01 -5.474658388985998991e-01
3.217863631039999950e-01 -5.475231803808000564e-01
3.224071162360000464e-01 -5.464992138372001262e-01
3.228068310660000551e-01 -5.448784438782001693e-01
3.238953720330000063e-01 -5.451175044891000132e-01
3.241951209810000067e-01 -5.432268266487000341e-01
3.248646974440000390e-01 -5.423346830988001743e-01
3.256613756609999522e-01 -5.417857142846999041e-01
3.258437618509999467e-01 -5.395781569976998426e-01
3.267638236830000542e-01 -5.393623239441002193e-01
3.277558074219999451e-01 -5.393406800393998335e-01
3.281726442810000144e-01 -5.377661395587001181e-01
3.285871904999999593e-01 -5.361854143499998893e-01
3.291915159039999761e-01 -5.351170929408000099e-01
3.300368279199999977e-01 -5.346994353839999992e-01
3.304898837469999462e-01 -5.332226861168998244e-01
3.313490406739999505e-01 -5.328424098197999115e-01
3.318198647129999568e-01 -5.314136347250999481e-01
3.323855583899999466e-01 -5.302410076529998628e-01
3.329959514170000023e-01 -5.291890688258999997e-01
3.335738525050000458e-01 -5.280494017635001258e-01
3.340606231230000001e-01 -5.266636824321000443e-01
3.348060171800000262e-01 -5.259762463860000459e-01
3.355370447659999922e-01 -5.252500208681999405e-01
3.361565876580000500e-01 -5.242227866766001609e-01
3.369050964959999783e-01 -5.235437605391999316e-01
3.371465152529999898e-01 -5.214955911830999602e-01
3.379464285709999904e-01 -5.209553571416999374e-01
3.386339975340000308e-01 -5.201117933418000217e-01
3.394988659750000082e-01 -5.197469381325000581e-01
3.399091602739999773e-01 -5.181547327397999503e-01
3.403331236019999650e-01 -5.165994337253998481e-01
3.404961200770000307e-01 -5.143395242079000784e-01
3.414691694629999885e-01 -5.142667575500999844e-01
3.424476735139999617e-01 -5.142087184877999206e-01
3.428553373780000024e-01 -5.126094109205999727e-01
3.434693869620000228e-01 -5.115673447974000698e-01
3.441869329169999769e-01 -5.108047188758999546e-01
3.449219477010000423e-01 -5.100892587927000621e-01
3.451122056340000244e-01 -5.079029552118000668e-01
3.455081901680000511e-01 -5.062721134536001255e-01
3.462061036789999546e-01 -5.054564799332997849e-01
3.468922825539999533e-01 -5.046091628957998232e-01
3.473140246170000056e-01 -5.030478664658999399e-01
3.481344358919999937e-01 -5.025629769083999054e-01
3.491498161760000496e-01 -5.026045036752000428e-01
3.492301840649999489e-01 -5.001214969754997908e-01
3.500825503810000017e-01 -4.997228860286999641e-01
3.501475376479999957e-01 -4.971983516495999122e-01
3.519128189639999515e-01 -4.992646112027998018e-01
3.519402380360000526e-01 -4.966386426972000945e-01
3.525108773070000368e-01 -4.954793687289000270e-01
3.532341170239999828e-01 -4.947321159647998789e-01
3.535334794079999510e-01 -4.928403944015997684e-01
3.539392159569999530e-01 -4.912358830838998158e-01
3.551201784690000141e-01 -4.890244818662999315e-01
3.551620662279999507e-01 -4.918375788155998074e-01
3.562216948940000183e-01 -4.892985762137999628e-01
3.565113714859999838e-01 -4.873807030121998785e-01
3.572779268200000358e-01 -4.867504024140000274e-01
3.576908741369999589e-01 -4.851653601698998064e-01
3.584080704450000043e-01 -4.844017902014999266e-01
3.594283894690000203e-01 -4.844566515662999673e-01
3.595303566990000199e-01 -4.820319630872999528e-01
3.604490178110000276e-01 -4.818123480896999711e-01
3.606430248159999685e-01 -4.796361670031998314e-01
3.613797659859999678e-01 -4.789253681621998271e-01
3.615640602880000332e-01 -4.767229627775999568e-01
3.621026595130000247e-01 -4.754771806850999760e-01
3.630661282510000420e-01 -4.753785462776999871e-01
3.639890632329999542e-01 -4.751704707291000696e-01
3.642022973190000013e-01 -4.730462027613001608e-01
3.647708007300000110e-01 -4.718811619710002181e-01
3.654929018950000552e-01 -4.711308351165003350e-01
3.668531517480000392e-01 -4.721035097196003005e-01
3.672447071000000118e-01 -4.704607091700002131e-01
3.673640289449999763e-01 -4.680828781515001258e-01
3.680026820239999941e-01 -4.671072414648001492e-01
3.683022796789999775e-01 -4.652161551333001133e-01
3.696488860590000369e-01 -4.634519923593002355e-01
3.699878937849999661e-01 -4.670673132195000687e-01
3.709481063420000391e-01 -4.642598871234002722e-01
3.722196831199999778e-01 -4.622931444240001020e-01
3.724872076020000478e-01 -4.603154605254002885e-01
3.725059193809999725e-01 -4.657659823287000900e-01
3.732457666430000209e-01 -4.569635699361002112e-01
3.733113850889999696e-01 -4.598407397403000418e-01
3.740959554080000027e-01 -4.565590796016001374e-01
3.754504949560000249e-01 -4.575163363812002060e-01
3.761749085269999737e-01 -4.567722530229000877e-01
3.770023652099999678e-01 -4.536063860670000447e-01
3.770891788250000376e-01 -4.565407828275002133e-01
3.775523062850000278e-01 -4.523912269695001820e-01
3.782557605320000516e-01 -4.515905534364002549e-01
3.783750464120000379e-01 -4.465126253124002131e-01
3.783971471470000125e-01 -4.492722972969001582e-01
3.796659434800000454e-01 -4.445980473960002288e-01
3.796893604690000368e-01 -4.473612732663002078e-01
3.815919789339999868e-01 -4.470983431218000792e-01
3.819105738260000216e-01 -4.452585493302001485e-01
3.823416611879999483e-01 -4.437224852075999926e-01
3.827858491719999812e-01 -4.368217927644000298e-01
3.831938423249999781e-01 -4.433233742775000708e-01
3.839655598840000517e-01 -4.373070116868002510e-01
3.841637789699999805e-01 -4.432422032190000416e-01
3.855891086789999811e-01 -4.389905934333000470e-01
3.865598573649999814e-01 -4.362116148855000319e-01
3.865717821780000341e-01 -4.389438118806001654e-01
3.873330677240000020e-01 -4.355992828548000961e-01
3.874132434039999628e-01 -4.331157571907999770e-01
3.879331509540000500e-01 -4.318195075758002321e-01
3.888198768089999868e-01 -4.315136673843000259e-01
3.894466755909999911e-01 -4.305060240957000461e-01
3.899065605239999677e-01 -4.236477134148000090e-01
3.902121575579999835e-01 -4.298728254066000454e-01
3.904829287140000327e-01 -4.279039075278001647e-01
3.917076466419999736e-01 -4.258106459334000116e-01
3.930872681150000547e-01 -4.268356239105002281e-01
3.939239982040000365e-01 -4.263947951508001433e-01
3.943655727299999469e-01 -4.248870463709999434e-01
3.944185397739999877e-01 -4.223300573898000065e-01
3.955965532770000515e-01 -4.228106938479002097e-01
3.956701842490000232e-01 -4.203094974723001198e-01
3.963640187039999541e-01 -4.194828505007999198e-01
3.974090983300000435e-01 -4.196045654910001699e-01
3.979178041680000444e-01 -4.182780712536001699e-01
3.985754263390000052e-01 -4.173536511153000395e-01
3.985813298679999894e-01 -4.146695906435999834e-01
3.997346544940000301e-01 -4.150835671338001243e-01
4.003561434150000320e-01 -4.140615872205001269e-01
4.006226387339999473e-01 -4.120811245817999069e-01
4.011667131959999466e-01 -4.108501256291998693e-01
4.020373038740000515e-01 -4.105007204598001835e-01
4.020966103259999702e-01 -4.052608478801999481e-01
4.025507924900000312e-01 -4.091871397230000817e-01
4.035940178110000165e-01 -4.066038480897000706e-01
4.046196359510000340e-01 -4.039730170677001131e-01
4.046888748900000499e-01 -4.068599622030001361e-01
4.057411660349999893e-01 -4.043011482944999790e-01
4.058739894720000407e-01 -4.019597715744001043e-01
4.064744668909999747e-01 -4.008810606056999459e-01
4.068378498829999801e-01 -3.964621946840999334e-01
4.071015489060000325e-01 -3.998741820462000662e-01
4.083557847140000252e-01 -3.978606187278000417e-01
4.086677921660000212e-01 -3.960030388482000396e-01
4.092380157060000467e-01 -3.948426424062000950e-01
4.097546206919999712e-01 -3.935374758683999330e-01
4.106140521779999553e-01 -3.931579408805998543e-01
4.113381096770000189e-01 -3.924128961279000349e-01
4.114804123899999944e-01 -3.900971134529999662e-01
4.121708077419999894e-01 -3.892611809033999504e-01
4.125583121289999600e-01 -3.876074427482998908e-01
4.129509831200000036e-01 -3.859676544239999951e-01
4.138222755129999930e-01 -3.856201438850999641e-01
4.145473337049999651e-01 -3.848778010034998864e-01
4.147305694680000210e-01 -3.826725375636000348e-01
4.158117634679999730e-01 -3.828917613635998696e-01
4.162840725340000159e-01 -3.814669958417999940e-01
4.163412076610000234e-01 -3.789212606847000009e-01
4.170393801759999519e-01 -3.781063264751998165e-01
4.181515499869999930e-01 -3.784091849648999473e-01
4.183478217430000035e-01 -3.762391187060999398e-01
4.187302293400000375e-01 -3.745716192180000292e-01
4.192439982829999634e-01 -3.732587953640998379e-01
4.197821942789999872e-01 -3.720119245532998997e-01
4.200654604039999462e-01 -3.700767430907997979e-01
4.208206949770000316e-01 -3.694158764379000259e-01
4.217890006879999598e-01 -3.666303018575998163e-01
4.220916503820000276e-01 -3.701474560314000350e-01
4.225800455410000378e-01 -3.660661229607000133e-01
4.232087881330000023e-01 -3.650637279590999151e-01
4.234065776409999815e-01 -3.628977596306998676e-01
4.242089386439999998e-01 -3.623641343387999370e-01
4.247825194150000039e-01 -3.612128024204999122e-01
4.249730228350000472e-01 -3.590271616545000488e-01
4.258195537440000455e-01 -3.586127951088000643e-01
4.262713989180000329e-01 -3.571327770786000277e-01
4.264089761249999500e-01 -3.548042355374997903e-01
4.275813103019999728e-01 -3.552695378153998274e-01
4.284557210320000253e-01 -3.549304467863999557e-01
4.284975985340000459e-01 -3.523435160418000311e-01
4.293894239719999728e-01 -3.520514447243998091e-01
4.301302431950000393e-01 -3.513516566265000307e-01
4.302314479819999704e-01 -3.489249095513998200e-01
4.308255527680000530e-01 -3.478289924736000516e-01
4.310479203999999509e-01 -3.457293850799997847e-01
4.318368326520000133e-01 -3.451594481603999509e-01
4.326790438399999994e-01 -3.447334183679998665e-01
4.328749016070000399e-01 -3.425622343388999846e-01
4.331310793120000113e-01 -3.405539141423999383e-01
4.339246753940000367e-01 -3.399966235638000045e-01
4.341379042290000045e-01 -3.378723414182999152e-01
4.350376945530000095e-01 -3.376017752930999261e-01
4.354862993070000021e-01 -3.361130081288998817e-01
4.365932254200000084e-01 -3.364017086339998741e-01
4.368231941269999918e-01 -3.343226241429001488e-01
4.372223391320000374e-01 -3.327003156564002917e-01
4.379196797519999684e-01 -3.318831353304000920e-01
4.380938408229999581e-01 -3.296533702221000617e-01
4.386544698250000041e-01 -3.284670685275001834e-01
4.398333704450000381e-01 -3.289501002015002840e-01
4.401150993560000169e-01 -3.270107682612001798e-01
4.401544528859999694e-01 -3.244170227922000826e-01
4.406419376689999501e-01 -3.230332317062999947e-01
4.410041573759999611e-01 -3.213112249152000333e-01
4.417293233079999659e-01 -3.205691729316000327e-01
4.427731713739999631e-01 -3.206875627098000336e-01
4.434083309949999885e-01 -3.197024936865001110e-01
4.441527684810000487e-01 -3.163124748987002910e-01
4.442965664360000178e-01 -3.194007293772002098e-01
4.450665135419999974e-01 -3.160795865634001278e-01
4.452835648149999770e-01 -3.139656250005000704e-01
4.456655623509999664e-01 -3.122970183477000172e-01
4.463544000150000413e-01 -3.087568800405002256e-01
4.465797370509999586e-01 -3.120652900377000050e-01
4.473076781279999858e-01 -3.086307309456000625e-01
4.479079424899999884e-01 -3.075514447230001114e-01
4.486298851109999930e-01 -3.041006897997001190e-01
4.489701671750000456e-01 -3.077194513725002301e-01
4.491439377000000510e-01 -3.027886317900002622e-01
4.495110036610000526e-01 -2.983797098847002505e-01
4.500014650729999843e-01 -3.024039556971000464e-01
4.505251954219999799e-01 -2.984180276394000630e-01
4.514258904040000520e-01 -2.981499040908002218e-01
4.517208356830000326e-01 -2.935462563441001982e-01
4.521763434279999494e-01 -2.974761272555999647e-01
4.522460117550000103e-01 -2.922642317385001354e-01
4.551400391069999607e-01 -2.973781055888999880e-01
4.580595972959999873e-01 -3.025609126992000464e-01
4.611047133819999866e-01 -3.080827261314000309e-01
4.621734666789999446e-01 -3.082683600332999374e-01
4.627379809620000284e-01 -3.070925485974001501e-01
4.627558604110000307e-01 -3.044408231097001649e-01
4.637273469989999786e-01 -3.043638368973000108e-01
4.641823743390000034e-01 -3.028924107153000977e-01
4.644697952709999633e-01 -3.009684472316999648e-01
4.656892680999999978e-01 -3.015610238700000556e-01
4.657721477759999562e-01 -2.990847989951999630e-01
4.666693973919999738e-01 -2.988073729583999860e-01
4.666957580170000286e-01 -2.961785466459001537e-01
4.673708372239999687e-01 -2.953012605047999894e-01
4.680670830540000216e-01 -2.944811242458001410e-01
4.684867969820000200e-01 -2.902143518514000986e-01
4.685525369120000505e-01 -2.930918496624002056e-01
4.696808721109999585e-01 -2.907383546996999413e-01
4.702160493829999899e-01 -2.867833333340999991e-01
4.711172477010000526e-01 -2.919165687927001707e-01
4.712017599660000000e-01 -2.867447519082000351e-01
4.715805105779999895e-01 -2.850673785605999933e-01
4.720682123660000507e-01 -2.836841733882001781e-01
4.723105384500000392e-01 -2.816384538150001338e-01
4.733962478100000038e-01 -2.818698690870000689e-01
4.736793154759999513e-01 -2.772341517851998893e-01
4.737727770359999591e-01 -2.801864979971999126e-01
4.740094109119999954e-01 -2.754254094624000171e-01
4.751215980659999616e-01 -2.757283147781999233e-01
4.754478789570000252e-01 -2.739092731839000705e-01
4.759110630439999934e-01 -2.724598702188000265e-01
4.767637882449999864e-01 -2.720622282615000054e-01
4.767841106160000120e-01 -2.694170986632000719e-01
4.777089193619999952e-01 -2.692140822774000131e-01
4.779583682300000413e-01 -2.671875942210001353e-01
4.779732355350000406e-01 -2.645277359445001308e-01
4.787301774840000412e-01 -2.611714792068001167e-01
4.788438721379999485e-01 -2.641784547725998800e-01
4.794853447200000396e-01 -2.605104307440000988e-01
4.796447262480000306e-01 -2.582407608696000723e-01
4.801587301590000134e-01 -2.542285714293000543e-01
4.802822400709999551e-01 -2.572620481916998991e-01
4.806462921719999448e-01 -2.528449888643998222e-01
4.813554852320000021e-01 -2.520598101263999968e-01
4.818770067950000069e-01 -2.507679183464999739e-01
4.822576025020000046e-01 -2.490955267554000041e-01
4.824622525139999896e-01 -2.469480817877999501e-01
4.828567813770000550e-01 -2.453133097179001354e-01
4.835819615909999758e-01 -2.445712962956999026e-01
4.840501137099999518e-01 -2.431353070169998409e-01
4.843808015410000500e-01 -2.413281641607001038e-01
4.844420538300000523e-01 -2.387935453410001130e-01
4.847860691299999969e-01 -2.343223866509999420e-01
4.848281085760000053e-01 -2.371358931551999782e-01
4.855024313879999776e-01 -2.308565647475998850e-01
4.855575264329999863e-01 -2.337053213690999109e-01
4.861227628640000242e-01 -2.298314597328000308e-01
4.868031691490000146e-01 -2.289685567022999857e-01
4.871008939969999618e-01 -2.243724137918998440e-01
4.871035066190000373e-01 -2.270794678713000392e-01
4.873024600849999999e-01 -2.222166422294999388e-01
4.878085775680000014e-01 -2.208831594335999571e-01
4.879031419060000374e-01 -2.184384831462000409e-01
4.884075697149999895e-01 -2.144004382304998957e-01
4.884686490180000229e-01 -2.172653523486000049e-01
4.892696150099999919e-01 -2.140279605269999053e-01
4.894006445170000497e-01 -2.089817401959000454e-01
4.894536572530000518e-01 -2.118248745831000646e-01
4.901492800419999796e-01 -2.056030561133998513e-01
4.902698931260000004e-01 -2.005287114401999027e-01
4.903636405829999712e-01 -2.088818295740998421e-01
4.906764403290000409e-01 -2.043263888883000146e-01
4.911275273999999857e-01 -2.001443239799998719e-01
4.914581420260000222e-01 -1.956369834701999766e-01
4.914719800279999662e-01 -1.983743460755998111e-01
4.918880309509999771e-01 -1.913976835676998445e-01
4.919718314519999636e-01 -1.943239449203998104e-01
4.921702140450000540e-01 -1.894595779215000331e-01
4.921970653499999626e-01 -1.814320764449997847e-01
4.922570417060000425e-01 -1.842940126062000139e-01
4.923454624909999744e-01 -1.872327487256998380e-01
4.927026874440000315e-01 -1.773972560987999714e-01
4.931776940259999797e-01 -1.813797738701998230e-01
4.934916128549999836e-01 -1.768273547084998343e-01
4.936362411210000189e-01 -1.718178510266999415e-01
4.936424928489999697e-01 -1.745347306922997999e-01
4.938568376070000543e-01 -1.670134615389000099e-01
4.941150509730000140e-01 -1.704106376270999035e-01
4.944847190940000470e-01 -1.660087415537999933e-01
4.945574755360000463e-01 -1.635051839471999835e-01
4.947597381860000532e-01 -1.613512931022000052e-01
4.949007188720000450e-01 -1.590319409543999862e-01
4.949922994140000254e-01 -1.511792084178002205e-01
4.951462245700000153e-01 -1.569948063389998982e-01
4.951767970060000357e-01 -1.543773519162002505e-01
4.953965429000000142e-01 -1.495706658300001990e-01
4.957120672810000350e-01 -1.477225816587002527e-01
4.957542399609999872e-01 -1.451364478947001213e-01
4.959000172949999952e-01 -1.401300466965001434e-01
4.959070713859999868e-01 -1.428490927422001178e-01
4.959608443190000049e-01 -1.321942796613001514e-01
4.962339282290000320e-01 -1.383316062183002348e-01
4.964014617409999719e-01 -1.360839467007000647e-01
4.965640374080000363e-01 -1.284229010016002259e-01
4.966205249489999973e-01 -1.312754173623001397e-01
4.968176159349999566e-01 -1.264075630245000137e-01
4.969632768359999453e-01 -1.160008474571999765e-01
4.969734729689999631e-01 -1.187283770163000268e-01
4.971103653989999982e-01 -1.136979865773001114e-01
4.972109965319999603e-01 -1.220696906364000106e-01
4.972119133300000327e-01 -1.247721659910002168e-01
4.974513655069999762e-01 -1.119186868689000525e-01
4.974903452450000207e-01 -1.012239321615001630e-01
4.975448933780000083e-01 -9.327121212060011934e-02
4.975835807180000181e-01 -1.095756679386001575e-01
4.976631061280000212e-01 -1.070903865456001719e-01
4.976819340410000292e-01 -1.044412219107001827e-01
4.978208563849999546e-01 -9.941631223949998208e-02
4.978807198839999559e-01 -9.687794368679997214e-02
4.979493760059999774e-01 -8.896331521620003124e-02
4.980553681210000416e-01 -9.194949392670020982e-02
4.981920140369999750e-01 -8.691843789990001679e-02
4.982551938420000104e-01 -8.438902337340010995e-02
4.983316251999999613e-01 -8.189538803999997507e-02
4.983380443889999789e-01 -7.921271985030002571e-02
4.983775628309999872e-01 -7.661941964370004576e-02
4.985329455210000260e-01 -7.433895290670014533e-02
4.985911885249999509e-01 -7.179620901749994566e-02
4.986049888050000378e-01 -6.643346977350017557e-02
4.986067289450000217e-01 -6.913816815150013173e-02
4.986146184059999653e-01 -5.295946969619996086e-02
4.986855574170000471e-01 -6.395100502590018998e-02
4.987150652320000432e-01 -6.133067612640017569e-02
4.988286238829999775e-01 -5.623728448409999470e-02
4.988977868759999490e-01 -5.102402456519991580e-02
4.989273522260000426e-01 -5.920385101020017582e-02
4.989703332089999721e-01 -4.851989966429997442e-02
4.990180892040000371e-01 -4.324884085080014234e-02
4.990408793949999700e-01 -4.601037436649996204e-02
4.990486266120000014e-01 -3.793129185240004531e-02
4.990674023019999739e-01 -4.068198621539997201e-02
4.990960881629999957e-01 -3.535943804010002744e-02
4.991501655940000504e-01 -3.280544710380017132e-02
4.992113935969999527e-01 -3.027076271189990328e-02
4.992653232579999933e-01 -2.771637279660001119e-02
4.993096166339999753e-01 -2.513596491179995868e-02
4.993130912630000529e-01 -1.974534641010016259e-02
4.993289967180000177e-01 -1.708829113860006743e-02
4.993511503930000428e-01 -2.254810606110013715e-02
4.994061469849999657e-01 -1.459659685949992250e-02
4.994082784219999738e-01 -9.202351739399939820e-03
4.994154310559999477e-01 -1.192166385119987175e-02
4.994729453080000159e-01 -3.976952331600048379e-03
4.995059846430000006e-01 -6.766158536100009419e-03
4.995182365110000244e-01 -1.399238579700068461e-03
4.995285509539999502e-01 3.972912424200137141e-03
4.995293674699999853e-01 1.270707831000039874e-03
4.995327358609999990e-01 9.361613175300010151e-03
4.995582043870000488e-01 1.199284815509987778e-02
4.995696072959999734e-01 6.562060300800077323e-03
4.995831001029999996e-01 1.732562972190001757e-02
4.996219290429999571e-01 2.262079158390013778e-02
4.996421854329999857e-01 1.446609933090005178e-02
4.996657125190000492e-01 3.060257619869989620e-02
4.996938321089999802e-01 2.512665330570007516e-02
4.997015107209999973e-01 2.780592105330003186e-02
4.997083052180000262e-01 3.318757591139995938e-02
4.997106481480000362e-01 1.968125000039992051e-02
4.997106481480000362e-01 4.398125000039994348e-02
4.997230385299999966e-01 3.854779596900004268e-02
4.997266424720000488e-01 3.583806532559990349e-02
4.997500058310000437e-01 4.927498425629992657e-02
4.997600851479999662e-01 4.114777010040013283e-02
4.997751902910000377e-01 5.190698621429994802e-02
4.997877117069999819e-01 6.267317839110010669e-02
4.997922104149999933e-01 5.726103187950007389e-02
4.997979441309999826e-01 4.644555084630008768e-02
4.998243220900000505e-01 5.987433035699991912e-02
4.998244549179999829e-01 5.447397172140009541e-02
4.998353187859999602e-01 8.684463927780003423e-02
4.998363262249999606e-01 6.524191919250016403e-02
4.998431224899999581e-01 7.332356927700017790e-02
4.998519142039999918e-01 6.789983164920009029e-02
4.998535110930000247e-01 7.059552004890000398e-02
4.998567795660000534e-01 7.598669517179992838e-02
4.998665812789999663e-01 7.866023054670016890e-02
4.998687476140000197e-01 8.945438144219988730e-02
4.998703770610000152e-01 8.404998193530004158e-02
4.998844584689999815e-01 8.131196213370012194e-02
4.998894346579999537e-01 1.001985264234000750e-01
4.999187105169999867e-01 9.201948160409997857e-02
4.999212184869999964e-01 9.741271008509995444e-02
4.999315671709999576e-01 1.108847686383000741e-01
4.999496270059999858e-01 1.054360070837999930e-01
4.999528095690000118e-01 9.462741416369990777e-02
4.999657442389999762e-01 1.215924905547000334e-01
4.999675217310000086e-01 1.026876913262999291e-01
4.999686834519999623e-01 1.188845546796000602e-01
4.999763311370000185e-01 1.242639059300999216e-01
4.999795751629999563e-01 1.080551470599000752e-01
4.999881897200000314e-01 1.296318877559999028e-01
4.999970322890000540e-01 1.161080128196998185e-01
4.999970919409999492e-01 1.134078517593000990e-01
