3.1660141214e+01 -1.4954029315e+00 -2.7524551055e-01 -7.3011563601e-01
8.6283587967e+00 1.3540097778e+00 -2.7948730516e-01 -7.3886404016e-01
-1.7830817517e+01 2.1305620695e+00 -1.7495014975e-01 -7.4579708482e-01
-6.5891621679e+02 5.2578849296e-01 -9.5259632872e-02 -7.4960951553e-01
1.7601575630e+03 -5.8776671018e+01 -1.8427861086e+00 -7.6978483272e-01
4.0859928339e+03 9.9637509649e+01 -6.1696094969e-01 -8.3044316570e-01
-5.7563041515e+03 2.2221729467e+02 2.6015870935e+00 -8.2256303140e-01
1.5179924373e+03 -1.2316095443e+02 4.5827138983e+00 -7.2769480487e-01
-3.9939666031e+02 1.3458364927e+01 1.2916362133e+00 -6.6007245110e-01
4.4157996986e+02 -2.2487334501e+01 1.0207671261e+00 -6.1999454610e-01
-6.6128747053e+03 1.7254862786e+01 8.6379297469e-01 -5.9768747418e-01
5.8693688858e+04 -2.6048587483e+02 -2.5414411940e+00 -6.0035814762e-01
-3.0730023546e+04 4.4383839146e+02 -1.8080311275e+00 -6.1093529030e-01
-3.1617492844e+03 7.5078108918e+01 2.6763487407e-01 -6.1303272206e-01
8.6518855119e+01 -8.0387390757e-01 8.6182875415e-01 -6.0770545973e-01
-1.5244380455e+02 6.9828230531e+00 1.0471972285e+00 -5.8023807453e-01
1.1193846849e+02 -6.7371193567e+00 1.0545683394e+00 -5.4665359965e-01
-5.0307034315e+00 3.3373428074e+00 9.5257504293e-01 -5.1805761824e-01
-8.6696063134e+01 2.8845794986e+00 1.1392327121e+00 -4.8661258742e-01
-1.6897653935e+05 -4.9180661835e+00 1.0782281116e+00 -4.5218027821e-01
1.1594008451e+05 -1.0187773023e+03 -9.6916262543e-01 -4.5139530657e-01
-2.1184268097e+04 3.7250371187e+02 -3.5542569872e+00 -4.6415222850e-01
-2.3127476187e+03 1.1829249470e+02 -1.5910721609e+00 -4.7376499021e-01
6.7967184324e+02 -2.0472362420e+01 3.6533048477e-01 -4.7677141650e-01
